image: Sangam_map.png
resolution: 0.2
origin: [345.74042857142865, -1773.2247142857143, 0.0]
negate: 0
occupied_thresh: 0.65
free_thresh: 0.196
